

############################################### 
           Output = V18 
###############################################

###### Fitting Model #####

surface = reg 
Stepwise Addition:
 Model                                    	GCV Score
  6                                       	 2708.1 
  6 12                                    	 1265 
  6 12  9                                 	 937.13 
  6 12  9  2                              	 720.94 
  6 12  9  2 14                           	 515.94 
  6 12  9  2 14  1                        	 317.43 
  6 12  9  2 14  1 11                     	 161.05 
  6 12  9  2 14  1 11  7                  	 75.645 
  6 12  9  2 14  1 11  7  4               	 24.878 
  6 12  9  2 14  1 11  7  4  5            	 9.3226 
  6 12  9  2 14  1 11  7  4  5  8         	 0.28916 
  6 12  9  2 14  1 11  7  4  5  8 13      	 0.10047 
  6 12  9  2 14  1 11  7  4  5  8 13 10   	 0.0019806 
  6 12  9  2 14  1 11  7  4  5  8 13 10  3	 9.6584e-19 

Stepwise Deletion:
 Model                                    	GCV Score
  6 12  9  2 14  1 11  7  4  5  8 13 10   	 0.0019806 
  6 12  9  2 14  1 11  7  4  5  8 13      	 0.10047 
  6 12  9  2 14  1 11  7  4  5  8         	 0.28916 
  6 12  9  2 14  1 11  7  4  5            	 9.3226 
  6 12  9  2 14  1 11  7  4               	 24.878 
  6 12  9  2 14  1 11  7                  	 75.645 
  6 12  9  2 14  1 11                     	 161.05 
  6 12  9  2 14  1                        	 317.43 
  6 12  9  2 14                           	 515.94 
  6 12  9  2                              	 720.94 
  6 12  9                                 	 937.13 
  6 12                                    	 1265 
  6                                       	 2708.1 

Final Model: 6 12 9 2 14 1 11 7 4 5 8 13 10 3


####### Output = V18 #######

#### surface = reg ####

Estimated Model Summary: 
Model: V18 = f(V8, V14, V11, V4, V16, V3, V13, V9, V6, V7, V10, V15, V12, V5)
Rsq = 1
dfmod = 15

Input	Rsq 	src 	pcc^2 	95% pcc^2 CI	p-val
V8	0.729 	0.857 	0.409 	(0.394, 0.424)	0.000 	
V14	0.874 	0.377 	0.038 	(0.031, 0.046)	0.000 	
V11	0.906 	0.177 	0.007 	(0.004, 0.010)	0.000 	
V4	0.928 	-0.151 	0.008 	(0.005, 0.011)	0.000 	
V16	0.948 	-0.144 	0.004 	(0.002, 0.006)	0.000 	
V3	0.968 	-0.141 	0.008 	(0.005, 0.012)	0.000 	
V13	0.984 	-0.125 	0.004 	(0.002, 0.007)	0.000 	
V9	0.992 	-0.092 	0.002 	(0.001, 0.004)	0.000 	
V6	0.998 	0.071 	0.002 	(0.001, 0.004)	0.000 	
V7	0.999 	-0.039 	0.000 	(0.000, 0.001)	0.000 	
V10	1.000 	-0.030 	0.000 	(0.000, 0.001)	0.000 	
V15	1.000 	0.004 	0.000 	(0.000, 0.001)	0.000 	
V12	1.000 	-0.003 	0.000 	(0.000, 0.001)	0.000 	
V5	1.000 	0.000 	0.000 	(0.000, 0.001)	0.000 	

