

############################################### 
           Output = V18 
###############################################

###### Fitting Model #####

surface = reg 
Stepwise Addition:
 Model                                    	GCV Score
  6                                       	 2949 
  6 12                                    	 962.4 
  6 12  1                                 	 628.47 
  6 12  1  9                              	 318.95 
  6 12  1  9  2                           	 181.25 
  6 12  1  9  2 11                        	 73.614 
  6 12  1  9  2 11 14                     	 32.577 
  6 12  1  9  2 11 14  4                  	 17.62 
  6 12  1  9  2 11 14  4  5               	 9.2141 
  6 12  1  9  2 11 14  4  5  7            	 1.9177 
  6 12  1  9  2 11 14  4  5  7  8         	 0.080471 
  6 12  1  9  2 11 14  4  5  7  8 13      	 0.016711 
  6 12  1  9  2 11 14  4  5  7  8 13 10   	 0.00038875 
  6 12  1  9  2 11 14  4  5  7  8 13 10  3	 2.4831e-18 

Stepwise Deletion:
 Model                                    	GCV Score
  6 12  1  9  2 11 14  4  5  7  8 13 10   	 0.00038875 
  6 12  1  9  2 11 14  4  5  7  8 13      	 0.016711 
  6 12  1  9  2 11 14  4  5  7  8         	 0.080471 
  6 12  1  9  2 11 14  4  5  7            	 1.9177 
  6 12  1  9  2 11 14  4  5               	 9.2141 
  6 12  1  9  2 11 14  4                  	 17.62 
  6 12  1  9  2 11 14                     	 32.577 
  6 12  1  9  2 11                        	 73.614 
  6 12  1  9  2                           	 181.25 
  6 12  1  9                              	 318.95 
  6 12  1                                 	 628.47 
  6 12                                    	 962.4 
  6                                       	 2949 

Final Model: 6 12 1 9 2 11 14 4 5 7 8 13 10 3


####### Output = V18 #######

#### surface = reg ####

Estimated Model Summary: 
Model: V18 = f(V8, V14, V3, V11, V4, V13, V16, V6, V7, V9, V10, V15, V12, V5)
Rsq = 1
dfmod = 15

Input	Rsq 	src 	pcc^2 	95% pcc^2 CI	p-val
V8	0.705 	0.840 	0.380 	(0.365, 0.395)	0.000 	
V14	0.904 	0.445 	0.059 	(0.051, 0.069)	0.000 	
V3	0.937 	-0.177 	0.007 	(0.004, 0.011)	0.000 	
V11	0.968 	0.176 	0.008 	(0.005, 0.012)	0.000 	
V4	0.982 	-0.116 	0.002 	(0.000, 0.004)	0.000 	
V13	0.993 	-0.105 	0.003 	(0.001, 0.005)	0.000 	
V16	0.997 	-0.064 	0.002 	(0.001, 0.004)	0.000 	
V6	0.998 	0.039 	0.001 	(0.000, 0.002)	0.000 	
V7	0.999 	-0.029 	0.000 	(0.000, 0.001)	0.000 	
V9	1.000 	-0.027 	0.000 	(0.000, 0.000)	0.000 	
V10	1.000 	-0.014 	0.000 	(0.000, 0.001)	0.000 	
V15	1.000 	0.003 	0.000 	(0.000, 0.000)	0.000 	
V12	1.000 	-0.001 	0.000 	(0.000, 0.001)	0.000 	
V5	1.000 	0.000 	0.000 	(0.000, 0.000)	0.000 	

