

############################################### 
           Output = V18 
###############################################

###### Fitting Model #####

###### Calculating Meta-Model Estimate  ######

surface = rs.reg 
Stepwise Addition:
 Model                                    	GCV Score
  6                                       	 2949 
  6 12                                    	 962.44 
  6 12  1                                 	 628.47 
  6 12  1  9                              	 319.09 
  6 12  1  9  2                           	 181.36 
  6 12  1  9  2 11                        	 73.564 
  6 12  1  9  2 11 14                     	 32.542 
  6 12  1  9  2 11 14  4                  	 17.624 
  6 12  1  9  2 11 14  4  5               	 9.2187 
  6 12  1  9  2 11 14  4  5  7            	 1.9206 
  6 12  1  9  2 11 14  4  5  7  8         	 0.08062 
  6 12  1  9  2 11 14  4  5  7  8 13      	 0.016744 
  6 12  1  9  2 11 14  4  5  7  8 13 10   	 0.00038957 
  6 12  1  9  2 11 14  4  5  7  8 13 10  3	 Inf 

Stepwise Deletion:
 Model                                    	GCV Score
  6 12  1  9  2 11 14  4  5  7  8 13 10   	 0.00038957 
  6 12  1  9  2 11 14  4  5  7  8 13      	 0.016744 
  6 12  1  9  2 11 14  4  5  7  8         	 0.08062 
  6 12  1  9  2 11 14  4  5  7            	 1.9206 
  6 12  1  9  2 11 14  4  5               	 9.2187 
  6 12  1  9  2 11 14  4                  	 17.624 
  6 12  1  9  2 11 14                     	 32.542 
  6 12  1  9  2 11                        	 73.564 
  6 12  1  9  2                           	 181.36 
  6 12  1  9                              	 319.09 
  6 12  1                                 	 628.47 
  6 12                                    	 962.44 
  6                                       	 2949 

Final Model: 6 12 1 9 2 11 14 4 5 7 8 13 10


###### Calculating Sensitivity Indices #####

###### Calculating CDF Estimate  ######


####### Output = V18 #######

#### surface = rs.reg ####

Estimated Model Summary: 
Model: V18 = f(V8, V14, V11, V3, V9, V10, V4, V6, V13, V12, V16, V7, V15)
Rsq = 1
dfmod = 45

Input	S.hat 	S.cum 	T.hat 	95% T CI 	p-val
V8	0.708 	0.708 	0.709 	(NA, NA)	NA 	
V14	0.208 	0.916 	0.198 	(NA, NA)	NA 	
V11	0.025 	0.941 	0.032 	(NA, NA)	NA 	
V3	0.031 	0.972 	0.020 	(NA, NA)	NA 	
V9	0.000 	0.972 	0.013 	(NA, NA)	NA 	
V10	0.000 	0.972 	0.009 	(NA, NA)	NA 	
V4	0.005 	0.977 	0.009 	(NA, NA)	NA 	
V6	0.007 	0.984 	0.008 	(NA, NA)	NA 	
V13	0.001 	0.985 	0.006 	(NA, NA)	NA 	
V12	0.012 	0.997 	0.005 	(NA, NA)	NA 	
V16	0.003 	1.000 	0.003 	(NA, NA)	NA 	
V7	0.000 	1.000 	0.000 	(NA, NA)	NA 	
V15	0.000 	1.000 	0.000 	(NA, NA)	NA 	

