

############################################### 
           Output = V18 
###############################################

###### Fitting Model #####

surface = reg 
Stepwise Addition:
 Model                                    	GCV Score
  6                                       	 2202.7 
  6  7                                    	 951.94 
  6  7  9                                 	 612.95 
  6  7  9 14                              	 287.38 
  6  7  9 14 12                           	 128.86 
  6  7  9 14 12 11                        	 83.516 
  6  7  9 14 12 11  3                     	 51.069 
  6  7  9 14 12 11  3 10                  	 27.741 
  6  7  9 14 12 11  3 10  1               	 12.622 
  6  7  9 14 12 11  3 10  1  2            	 7.3999 
  6  7  9 14 12 11  3 10  1  2  5         	 3.1906 
  6  7  9 14 12 11  3 10  1  2  5 13      	 0.32672 
  6  7  9 14 12 11  3 10  1  2  5 13  4   	 0.016513 
  6  7  9 14 12 11  3 10  1  2  5 13  4  8	 6.686e-19 

Stepwise Deletion:
 Model                                    	GCV Score
  6  7  9 14 12 11  3 10  1  2  5 13  4   	 0.016513 
  6  7  9 14 12 11  3 10  1  2  5 13      	 0.32672 
  6  7  9 14 12 11  3 10  1  2  5         	 3.1906 
  6  7  9 14 12 11  3 10  1  2            	 7.3999 
  6  7  9 14 12 11  3 10  1               	 12.622 
  6  7  9 14 12 11  3 10                  	 27.741 
  6  7  9 14 12 11  3                     	 51.069 
  6  7  9 14 12 11                        	 83.516 
  6  7  9 14 12                           	 128.86 
  6  7  9 14                              	 287.38 
  6  7  9                                 	 612.95 
  6  7                                    	 951.94 
  6                                       	 2202.7 

Final Model: 6 7 9 14 12 11 3 10 1 2 5 13 4 8


####### Output = V18 #######

#### surface = reg ####

Estimated Model Summary: 
Model: V18 = f(V8, V9, V11, V16, V14, V13, V5, V12, V3, V4, V7, V15, V6, V10)
Rsq = 1
dfmod = 15

Input	Rsq 	src 	pcc^2 	95% pcc^2 CI	p-val
V8	0.780 	0.876 	0.469 	(0.455, 0.483)	0.000 	
V9	0.905 	-0.353 	0.033 	(0.026, 0.040)	0.000 	
V11	0.939 	0.185 	0.009 	(0.006, 0.013)	0.000 	
V16	0.971 	-0.179 	0.005 	(0.002, 0.008)	0.000 	
V14	0.987 	0.126 	0.003 	(0.001, 0.005)	0.000 	
V13	0.992 	-0.067 	0.003 	(0.002, 0.006)	0.000 	
V5	0.995 	0.057 	0.002 	(0.000, 0.004)	0.000 	
V12	0.997 	-0.048 	0.001 	(0.000, 0.003)	0.000 	
V3	0.999 	-0.039 	0.000 	(0.000, 0.001)	0.000 	
V4	0.999 	-0.023 	0.000 	(0.000, 0.001)	0.000 	
V7	1.000 	-0.021 	0.000 	(0.000, 0.001)	0.000 	
V15	1.000 	0.017 	0.000 	(0.000, 0.001)	0.000 	
V6	1.000 	0.006 	0.000 	(0.000, 0.000)	0.000 	
V10	1.000 	0.001 	0.000 	(0.000, 0.000)	0.000 	

