

############################################### 
           Output = V18 
###############################################

###### Fitting Model #####

surface = reg 
Stepwise Addition:
 Model                                    	GCV Score
  6                                       	 2761.9 
  6 12                                    	 948.56 
  6 12 14                                 	 480.26 
  6 12 14  2                              	 346.04 
  6 12 14  2  5                           	 234.79 
  6 12 14  2  5  9                        	 133.42 
  6 12 14  2  5  9  7                     	 90.453 
  6 12 14  2  5  9  7  4                  	 49.621 
  6 12 14  2  5  9  7  4  1               	 22.654 
  6 12 14  2  5  9  7  4  1 11            	 10.407 
  6 12 14  2  5  9  7  4  1 11 10         	 3.2207 
  6 12 14  2  5  9  7  4  1 11 10  8      	 0.0082647 
  6 12 14  2  5  9  7  4  1 11 10  8  3   	 0.0039392 
  6 12 14  2  5  9  7  4  1 11 10  8  3 13	 3.577e-18 

Stepwise Deletion:
 Model                                    	GCV Score
  6 12 14  2  5  9  7  4  1 11 10  8  3   	 0.0039392 
  6 12 14  2  5  9  7  4  1 11 10  8      	 0.0082647 
  6 12 14  2  5  9  7  4  1 11 10         	 3.2207 
  6 12 14  2  5  9  7  4  1 11            	 10.407 
  6 12 14  2  5  9  7  4  1               	 22.654 
  6 12 14  2  5  9  7  4                  	 49.621 
  6 12 14  2  5  9  7                     	 90.453 
  6 12 14  2  5  9                        	 133.42 
  6 12 14  2  5                           	 234.79 
  6 12 14  2                              	 346.04 
  6 12 14                                 	 480.26 
  6 12                                    	 948.56 
  6                                       	 2761.9 

Final Model: 6 12 14 2 5 9 7 4 1 11 10 8 3 13


####### Output = V18 #######

#### surface = reg ####

Estimated Model Summary: 
Model: V18 = f(V8, V14, V16, V4, V7, V11, V9, V6, V3, V13, V12, V10, V5, V15)
Rsq = 1
dfmod = 15

Input	Rsq 	src 	pcc^2 	95% pcc^2 CI	p-val
V8	0.724 	0.844 	0.397 	(0.382, 0.412)	0.000 	
V14	0.905 	0.423 	0.049 	(0.041, 0.058)	0.000 	
V16	0.952 	-0.216 	0.010 	(0.007, 0.015)	0.000 	
V4	0.965 	-0.116 	0.005 	(0.002, 0.008)	0.000 	
V7	0.977 	-0.107 	0.003 	(0.002, 0.006)	0.000 	
V11	0.987 	0.100 	0.002 	(0.001, 0.004)	0.000 	
V9	0.991 	-0.066 	0.001 	(0.000, 0.003)	0.000 	
V6	0.995 	-0.064 	0.001 	(0.000, 0.003)	0.000 	
V3	0.998 	-0.052 	0.001 	(0.000, 0.002)	0.000 	
V13	0.999 	0.035 	0.001 	(0.000, 0.002)	0.000 	
V12	1.000 	-0.027 	0.000 	(0.000, 0.002)	0.000 	
V10	1.000 	0.018 	0.000 	(0.000, 0.001)	0.000 	
V5	1.000 	0.001 	0.000 	(0.000, 0.002)	0.000 	
V15	1.000 	0.001 	0.000 	(0.000, 0.000)	0.000 	

