

############################################### 
           Output = V18 
###############################################

###### Fitting Model #####

surface = reg 
Stepwise Addition:
 Model                                    	GCV Score
  6                                       	 1387.2 
  6 14                                    	 938.25 
  6 14  9                                 	 652.07 
  6 14  9 12                              	 417.78 
  6 14  9 12  7                           	 213.66 
  6 14  9 12  7  2                        	 148.3 
  6 14  9 12  7  2  3                     	 105.32 
  6 14  9 12  7  2  3 11                  	 64.426 
  6 14  9 12  7  2  3 11  5               	 28.732 
  6 14  9 12  7  2  3 11  5  1            	 12.391 
  6 14  9 12  7  2  3 11  5  1 10         	 4.9871 
  6 14  9 12  7  2  3 11  5  1 10  8      	 0.90823 
  6 14  9 12  7  2  3 11  5  1 10  8 13   	 0.018604 
  6 14  9 12  7  2  3 11  5  1 10  8 13  4	 1.0716e-18 

Stepwise Deletion:
 Model                                    	GCV Score
  6 14  9 12  7  2  3 11  5  1 10  8 13   	 0.018604 
  6 14  9 12  7  2  3 11  5  1 10  8      	 0.90823 
  6 14  9 12  7  2  3 11  5  1 10         	 4.9871 
  6 14  9 12  7  2  3 11  5  1            	 12.391 
  6 14  9 12  7  2  3 11  5               	 28.732 
  6 14  9 12  7  2  3 11                  	 64.426 
  6 14  9 12  7  2  3                     	 105.32 
  6 14  9 12  7  2                        	 148.3 
  6 14  9 12  7                           	 213.66 
  6 14  9 12                              	 417.78 
  6 14  9                                 	 652.07 
  6 14                                    	 938.25 
  6                                       	 1387.2 

Final Model: 6 14 9 12 7 2 3 11 5 1 10 8 13 4


####### Output = V18 #######

#### surface = reg ####

Estimated Model Summary: 
Model: V18 = f(V8, V16, V11, V14, V9, V4, V5, V13, V7, V3, V12, V10, V15, V6)
Rsq = 1
dfmod = 15

Input	Rsq 	src 	pcc^2 	95% pcc^2 CI	p-val
V8	0.861 	0.928 	0.602 	(0.590, 0.614)	0.000 	
V16	0.906 	-0.212 	0.010 	(0.007, 0.015)	0.000 	
V11	0.935 	0.172 	0.006 	(0.003, 0.009)	0.000 	
V14	0.958 	0.154 	0.007 	(0.004, 0.011)	0.000 	
V9	0.979 	-0.141 	0.006 	(0.004, 0.010)	0.000 	
V4	0.985 	-0.082 	0.002 	(0.001, 0.005)	0.000 	
V5	0.990 	0.066 	0.002 	(0.001, 0.004)	0.000 	
V13	0.994 	-0.065 	0.002 	(0.001, 0.004)	0.000 	
V7	0.997 	-0.060 	0.001 	(0.000, 0.003)	0.000 	
V3	0.999 	-0.040 	0.000 	(0.000, 0.001)	0.000 	
V12	1.000 	-0.027 	0.000 	(0.000, 0.001)	0.000 	
V10	1.000 	0.020 	0.000 	(0.000, 0.000)	0.000 	
V15	1.000 	0.009 	0.000 	(0.000, 0.001)	0.000 	
V6	1.000 	-0.001 	0.000 	(0.000, 0.000)	0.000 	

