

############################################### 
           Output = V18 
###############################################

###### Fitting Model #####

###### Calculating Meta-Model Estimate  ######

surface = rs.reg 
Stepwise Addition:
 Model                                    	GCV Score
  6                                       	 1387 
  6 14                                    	 938.38 
  6 14  9                                 	 652.13 
  6 14  9 12                              	 417.76 
  6 14  9 12  7                           	 213.66 
  6 14  9 12  7  2                        	 148.34 
  6 14  9 12  7  2  3                     	 105.36 
  6 14  9 12  7  2  3 11                  	 64.504 
  6 14  9 12  7  2  3 11  5               	 28.785 
  6 14  9 12  7  2  3 11  5  1            	 12.411 
  6 14  9 12  7  2  3 11  5  1 10         	 4.9982 
  6 14  9 12  7  2  3 11  5  1 10  8      	 0.90931 
  6 14  9 12  7  2  3 11  5  1 10  8 13   	 0.018632 
  6 14  9 12  7  2  3 11  5  1 10  8 13  4	 Inf 

Stepwise Deletion:
 Model                                    	GCV Score
  6 14  9 12  7  2  3 11  5  1 10  8 13   	 0.018632 
  6 14  9 12  7  2  3 11  5  1 10  8      	 0.90931 
  6 14  9 12  7  2  3 11  5  1 10         	 4.9982 
  6 14  9 12  7  2  3 11  5  1            	 12.411 
  6 14  9 12  7  2  3 11  5               	 28.785 
  6 14  9 12  7  2  3 11                  	 64.504 
  6 14  9 12  7  2  3                     	 105.36 
  6 14  9 12  7  2                        	 148.34 
  6 14  9 12  7                           	 213.66 
  6 14  9 12                              	 417.76 
  6 14  9                                 	 652.13 
  6 14                                    	 938.38 
  6                                       	 1387 

Final Model: 6 14 9 12 7 2 3 11 5 1 10 8 13


###### Calculating Sensitivity Indices #####

###### Calculating CDF Estimate  ######


####### Output = V18 #######

#### surface = rs.reg ####

Estimated Model Summary: 
Model: V18 = f(V8, V16, V11, V14, V9, V4, V5, V7, V3, V15, V12, V10, V13)
Rsq = 0.9999982
dfmod = 40

Input	S.hat 	S.cum 	T.hat 	95% T CI 	p-val
V8	0.851 	0.851 	0.859 	(NA, NA)	NA 	
V16	0.054 	0.905 	0.048 	(NA, NA)	NA 	
V11	0.023 	0.928 	0.028 	(NA, NA)	NA 	
V14	0.025 	0.953 	0.026 	(NA, NA)	NA 	
V9	0.017 	0.970 	0.020 	(NA, NA)	NA 	
V4	0.013 	0.983 	0.007 	(NA, NA)	NA 	
V5	0.000 	0.983 	0.005 	(NA, NA)	NA 	
V7	0.005 	0.988 	0.005 	(NA, NA)	NA 	
V3	0.004 	0.992 	0.004 	(NA, NA)	NA 	
V15	0.000 	0.992 	0.004 	(NA, NA)	NA 	
V12	0.000 	0.992 	0.003 	(NA, NA)	NA 	
V10	0.008 	1.000 	0.002 	(NA, NA)	NA 	
V13	0.000 	1.000 	0.000 	(NA, NA)	NA 	

