

############################################### 
           Output = V18 
###############################################

###### Fitting Model #####

surface = reg 
Stepwise Addition:
 Model                                    	GCV Score
  6                                       	 1821.6 
  6 12                                    	 1102 
  6 12 14                                 	 617.25 
  6 12 14  9                              	 316.46 
  6 12 14  9 11                           	 206.18 
  6 12 14  9 11  3                        	 145.07 
  6 12 14  9 11  3  7                     	 97.123 
  6 12 14  9 11  3  7  2                  	 51.264 
  6 12 14  9 11  3  7  2  5               	 11.078 
  6 12 14  9 11  3  7  2  5  8            	 4.362 
  6 12 14  9 11  3  7  2  5  8 10         	 1.4238 
  6 12 14  9 11  3  7  2  5  8 10  4      	 0.53016 
  6 12 14  9 11  3  7  2  5  8 10  4 13   	 0.0014443 
  6 12 14  9 11  3  7  2  5  8 10  4 13  1	 2.4788e-18 

Stepwise Deletion:
 Model                                    	GCV Score
  6 12 14  9 11  3  7  2  5  8 10  4 13   	 0.0014443 
  6 12 14  9 11  3  7  2  5  8 10  4      	 0.53016 
  6 12 14  9 11  3  7  2  5  8 10         	 1.4238 
  6 12 14  9 11  3  7  2  5  8            	 4.362 
  6 12 14  9 11  3  7  2  5               	 11.078 
  6 12 14  9 11  3  7  2                  	 51.264 
  6 12 14  9 11  3  7                     	 97.123 
  6 12 14  9 11  3                        	 145.07 
  6 12 14  9 11                           	 206.18 
  6 12 14  9                              	 316.46 
  6 12 14                                 	 617.25 
  6 12                                    	 1102 
  6                                       	 1821.6 

Final Model: 6 12 14 9 11 3 7 2 5 8 10 4 13 1


####### Output = V18 #######

#### surface = reg ####

Estimated Model Summary: 
Model: V18 = f(V8, V14, V16, V11, V13, V5, V9, V4, V7, V10, V12, V6, V15, V3)
Rsq = 1
dfmod = 15

Input	Rsq 	src 	pcc^2 	95% pcc^2 CI	p-val
V8	0.818 	0.904 	0.527 	(0.513, 0.540)	0.000 	
V14	0.890 	0.270 	0.016 	(0.011, 0.021)	0.000 	
V16	0.938 	-0.220 	0.015 	(0.011, 0.020)	0.000 	
V11	0.968 	0.172 	0.007 	(0.004, 0.010)	0.000 	
V13	0.979 	-0.105 	0.004 	(0.002, 0.007)	0.000 	
V5	0.986 	0.081 	0.002 	(0.001, 0.005)	0.000 	
V9	0.990 	-0.070 	0.002 	(0.000, 0.004)	0.000 	
V4	0.995 	-0.067 	0.001 	(0.000, 0.002)	0.000 	
V7	0.999 	-0.063 	0.001 	(0.000, 0.002)	0.000 	
V10	1.000 	-0.026 	0.000 	(0.000, 0.002)	0.000 	
V12	1.000 	-0.017 	0.001 	(0.000, 0.002)	0.000 	
V6	1.000 	-0.009 	0.000 	(0.000, 0.001)	0.000 	
V15	1.000 	0.007 	0.000 	(0.000, 0.001)	0.000 	
V3	1.000 	0.000 	0.000 	(0.000, 0.001)	0.000 	

