

############################################### 
           Output = V18 
###############################################

###### Fitting Model #####

surface = reg 
Stepwise Addition:
 Model                                    	GCV Score
  6                                       	 1547.8 
  6  7                                    	 991.26 
  6  7  9                                 	 656.43 
  6  7  9 14                              	 329.47 
  6  7  9 14 12                           	 144.87 
  6  7  9 14 12  3                        	 98.757 
  6  7  9 14 12  3 11                     	 69.741 
  6  7  9 14 12  3 11  1                  	 43.597 
  6  7  9 14 12  3 11  1  5               	 28.446 
  6  7  9 14 12  3 11  1  5  2            	 15.126 
  6  7  9 14 12  3 11  1  5  2 10         	 5.3829 
  6  7  9 14 12  3 11  1  5  2 10  8      	 2.5184 
  6  7  9 14 12  3 11  1  5  2 10  8 13   	 1.0826 
  6  7  9 14 12  3 11  1  5  2 10  8 13  4	 6.9811e-19 

Stepwise Deletion:
 Model                                    	GCV Score
  6  7  9 14 12  3 11  1  5  2 10  8 13   	 1.0826 
  6  7  9 14 12  3 11  1  5  2 10  8      	 2.5184 
  6  7  9 14 12  3 11  1  5  2 10         	 5.3829 
  6  7  9 14 12  3 11  1  5  2            	 15.126 
  6  7  9 14 12  3 11  1  5               	 28.446 
  6  7  9 14 12  3 11  1                  	 43.597 
  6  7  9 14 12  3 11                     	 69.741 
  6  7  9 14 12  3                        	 98.757 
  6  7  9 14 12                           	 144.87 
  6  7  9 14                              	 329.47 
  6  7  9                                 	 656.43 
  6  7                                    	 991.26 
  6                                       	 1547.8 

Final Model: 6 7 9 14 12 3 11 1 5 2 10 8 13 4


####### Output = V18 #######

#### surface = reg ####

Estimated Model Summary: 
Model: V18 = f(V8, V9, V11, V16, V14, V5, V13, V3, V7, V4, V12, V10, V15, V6)
Rsq = 1
dfmod = 15

Input	Rsq 	src 	pcc^2 	95% pcc^2 CI	p-val
V8	0.845 	0.919 	0.573 	(0.560, 0.586)	0.000 	
V9	0.901 	-0.238 	0.014 	(0.010, 0.019)	0.000 	
V11	0.934 	0.182 	0.009 	(0.006, 0.013)	0.000 	
V16	0.967 	-0.181 	0.009 	(0.005, 0.013)	0.000 	
V14	0.986 	0.136 	0.004 	(0.002, 0.007)	0.000 	
V5	0.990 	0.068 	0.001 	(0.000, 0.002)	0.000 	
V13	0.993 	-0.054 	0.002 	(0.000, 0.004)	0.000 	
V3	0.996 	-0.051 	0.002 	(0.000, 0.004)	0.000 	
V7	0.997 	-0.038 	0.000 	(0.000, 0.002)	0.000 	
V4	0.998 	-0.037 	0.000 	(0.000, 0.001)	0.000 	
V12	1.000 	-0.031 	0.000 	(0.000, 0.001)	0.000 	
V10	1.000 	0.017 	0.000 	(0.000, 0.001)	0.000 	
V15	1.000 	0.012 	0.000 	(0.000, 0.002)	0.000 	
V6	1.000 	0.010 	0.000 	(0.000, 0.001)	0.000 	

