

############################################### 
           Output = V18 
###############################################

###### Fitting Model #####

surface = reg 
Stepwise Addition:
 Model                                    	GCV Score
  6                                       	 1599.5 
  6  7                                    	 689.08 
  6  7 14                                 	 382.07 
  6  7 14  9                              	 126.1 
  6  7 14  9 12                           	 83.694 
  6  7 14  9 12 11                        	 51.845 
  6  7 14  9 12 11  3                     	 31.149 
  6  7 14  9 12 11  3 10                  	 15.293 
  6  7 14  9 12 11  3 10  1               	 8.7336 
  6  7 14  9 12 11  3 10  1  2            	 4.542 
  6  7 14  9 12 11  3 10  1  2 13         	 1.5354 
  6  7 14  9 12 11  3 10  1  2 13  4      	 0.070828 
  6  7 14  9 12 11  3 10  1  2 13  4  5   	 0.0060944 
  6  7 14  9 12 11  3 10  1  2 13  4  5  8	 1.2196e-18 

Stepwise Deletion:
 Model                                    	GCV Score
  6  7 14  9 12 11  3 10  1  2 13  4  5   	 0.0060944 
  6  7 14  9 12 11  3 10  1  2 13  4      	 0.070828 
  6  7 14  9 12 11  3 10  1  2 13         	 1.5354 
  6  7 14  9 12 11  3 10  1  2            	 4.542 
  6  7 14  9 12 11  3 10  1               	 8.7336 
  6  7 14  9 12 11  3 10                  	 15.293 
  6  7 14  9 12 11  3                     	 31.149 
  6  7 14  9 12 11                        	 51.845 
  6  7 14  9 12                           	 83.694 
  6  7 14  9                              	 126.1 
  6  7 14                                 	 382.07 
  6  7                                    	 689.08 
  6                                       	 1599.5 

Final Model: 6 7 14 9 12 11 3 10 1 2 13 4 5 8


####### Output = V18 #######

#### surface = reg ####

Estimated Model Summary: 
Model: V18 = f(V8, V9, V16, V11, V14, V13, V5, V12, V3, V4, V15, V6, V7, V10)
Rsq = 1
dfmod = 15

Input	Rsq 	src 	pcc^2 	95% pcc^2 CI	p-val
V8	0.840 	0.917 	0.570 	(0.557, 0.582)	0.000 	
V9	0.931 	-0.301 	0.027 	(0.021, 0.033)	0.000 	
V16	0.962 	-0.176 	0.006 	(0.003, 0.009)	0.000 	
V11	0.987 	0.158 	0.005 	(0.003, 0.009)	0.000 	
V14	0.992 	0.064 	0.001 	(0.000, 0.002)	0.000 	
V13	0.995 	-0.057 	0.001 	(0.000, 0.003)	0.000 	
V5	0.997 	0.046 	0.001 	(0.000, 0.002)	0.000 	
V12	0.998 	-0.040 	0.001 	(0.000, 0.002)	0.000 	
V3	0.999 	-0.025 	0.000 	(0.000, 0.002)	0.000 	
V4	1.000 	-0.020 	0.000 	(0.000, 0.001)	0.000 	
V15	1.000 	0.017 	0.000 	(0.000, 0.001)	0.000 	
V6	1.000 	0.012 	0.000 	(0.000, 0.001)	0.000 	
V7	1.000 	-0.003 	0.000 	(0.000, 0.001)	0.000 	
V10	1.000 	0.001 	0.000 	(0.000, 0.000)	0.000 	

