

############################################### 
           Output = V18 
###############################################

###### Fitting Model #####

###### Calculating Meta-Model Estimate  ######

surface = rs.reg 
Stepwise Addition:
 Model                                    	GCV Score
  6                                       	 1599.4 
  6  7                                    	 689.17 
  6  7 14                                 	 382.03 
  6  7 14  9                              	 126.12 
  6  7 14  9 12                           	 83.697 
  6  7 14  9 12 11                        	 51.884 
  6  7 14  9 12 11  3                     	 31.173 
  6  7 14  9 12 11  3 10                  	 15.305 
  6  7 14  9 12 11  3 10  1               	 8.7372 
  6  7 14  9 12 11  3 10  1  2            	 4.5456 
  6  7 14  9 12 11  3 10  1  2 13         	 1.5378 
  6  7 14  9 12 11  3 10  1  2 13  4      	 0.070932 
  6  7 14  9 12 11  3 10  1  2 13  4  5   	 0.0061076 
  6  7 14  9 12 11  3 10  1  2 13  4  5  8	 Inf 

Stepwise Deletion:
 Model                                    	GCV Score
  6  7 14  9 12 11  3 10  1  2 13  4  5   	 0.0061076 
  6  7 14  9 12 11  3 10  1  2 13  4      	 0.070932 
  6  7 14  9 12 11  3 10  1  2 13         	 1.5378 
  6  7 14  9 12 11  3 10  1  2            	 4.5456 
  6  7 14  9 12 11  3 10  1               	 8.7372 
  6  7 14  9 12 11  3 10                  	 15.305 
  6  7 14  9 12 11  3                     	 31.173 
  6  7 14  9 12 11                        	 51.884 
  6  7 14  9 12                           	 83.697 
  6  7 14  9                              	 126.12 
  6  7 14                                 	 382.03 
  6  7                                    	 689.17 
  6                                       	 1599.4 

Final Model: 6 7 14 9 12 11 3 10 1 2 13 4 5


###### Calculating Sensitivity Indices #####

###### Calculating CDF Estimate  ######


####### Output = V18 #######

#### surface = rs.reg ####

Estimated Model Summary: 
Model: V18 = f(V8, V9, V16, V11, V13, V3, V6, V5, V7, V14, V12, V4, V15)
Rsq = 0.9999994
dfmod = 43

Input	S.hat 	S.cum 	T.hat 	95% T CI 	p-val
V8	0.835 	0.835 	0.834 	(NA, NA)	NA 	
V9	0.095 	0.930 	0.093 	(NA, NA)	NA 	
V16	0.028 	0.958 	0.027 	(NA, NA)	NA 	
V11	0.023 	0.981 	0.023 	(NA, NA)	NA 	
V13	0.005 	0.986 	0.012 	(NA, NA)	NA 	
V3	0.007 	0.993 	0.009 	(NA, NA)	NA 	
V6	0.000 	0.993 	0.007 	(NA, NA)	NA 	
V5	0.000 	0.993 	0.005 	(NA, NA)	NA 	
V7	0.000 	0.993 	0.003 	(NA, NA)	NA 	
V14	0.000 	0.993 	0.000 	(NA, NA)	NA 	
V12	0.007 	1.000 	0.000 	(NA, NA)	NA 	
V4	0.000 	1.000 	0.000 	(NA, NA)	NA 	
V15	0.000 	1.000 	0.000 	(NA, NA)	NA 	

