

############################################### 
           Output = V18 
###############################################

###### Fitting Model #####

surface = reg 
Stepwise Addition:
 Model                                    	GCV Score
  6                                       	 3809.3 
  6 12                                    	 1944.3 
  6 12 14                                 	 1066.9 
  6 12 14  3                              	 653.67 
  6 12 14  3  9                           	 323.12 
  6 12 14  3  9  5                        	 205.67 
  6 12 14  3  9  5  8                     	 117.62 
  6 12 14  3  9  5  8 11                  	 30.232 
  6 12 14  3  9  5  8 11  7               	 9.0712 
  6 12 14  3  9  5  8 11  7 10            	 3.3241 
  6 12 14  3  9  5  8 11  7 10  2         	 1.9676 
  6 12 14  3  9  5  8 11  7 10  2  4      	 0.70721 
  6 12 14  3  9  5  8 11  7 10  2  4 13   	 0.066415 
  6 12 14  3  9  5  8 11  7 10  2  4 13  1	 3.4707e-18 

Stepwise Deletion:
 Model                                    	GCV Score
  6 12 14  3  9  5  8 11  7 10  2  4 13   	 0.066415 
  6 12 14  3  9  5  8 11  7 10  2  4      	 0.70721 
  6 12 14  3  9  5  8 11  7 10  2         	 1.9676 
  6 12 14  3  9  5  8 11  7 10            	 3.3241 
  6 12 14  3  9  5  8 11  7               	 9.0712 
  6 12 14  3  9  5  8 11                  	 30.232 
  6 12 14  3  9  5  8                     	 117.62 
  6 12 14  3  9  5                        	 205.67 
  6 12 14  3  9                           	 323.12 
  6 12 14  3                              	 653.67 
  6 12 14                                 	 1066.9 
  6 12                                    	 1944.3 
  6                                       	 3809.3 

Final Model: 6 12 14 3 9 5 8 11 7 10 2 4 13 1


####### Output = V18 #######

#### surface = reg ####

Estimated Model Summary: 
Model: V18 = f(V8, V14, V16, V5, V11, V7, V10, V13, V9, V12, V4, V6, V15, V3)
Rsq = 1
dfmod = 15

Input	Rsq 	src 	pcc^2 	95% pcc^2 CI	p-val
V8	0.619 	0.779 	0.288 	(0.273, 0.303)	0.000 	
V14	0.806 	0.430 	0.053 	(0.045, 0.062)	0.000 	
V16	0.893 	-0.297 	0.024 	(0.019, 0.031)	0.000 	
V5	0.935 	0.202 	0.008 	(0.005, 0.012)	0.000 	
V11	0.968 	0.181 	0.008 	(0.005, 0.012)	0.000 	
V7	0.980 	-0.110 	0.006 	(0.003, 0.009)	0.000 	
V10	0.988 	-0.094 	0.002 	(0.001, 0.005)	0.000 	
V13	0.997 	-0.094 	0.001 	(0.000, 0.003)	0.000 	
V9	0.999 	-0.046 	0.000 	(0.000, 0.001)	0.000 	
V12	1.000 	-0.024 	0.001 	(0.000, 0.002)	0.000 	
V4	1.000 	0.012 	0.000 	(0.000, 0.000)	0.000 	
V6	1.000 	0.011 	0.000 	(0.000, 0.001)	0.000 	
V15	1.000 	0.008 	0.000 	(0.000, 0.001)	0.000 	
V3	1.000 	0.003 	0.000 	(0.000, 0.001)	0.000 	

