

############################################### 
           Output = V18 
###############################################

###### Fitting Model #####

surface = reg 
Stepwise Addition:
 Model                                    	GCV Score
  6                                       	 1812.3 
  6 12                                    	 922.83 
  6 12  9                                 	 342.08 
  6 12  9 14                              	 141.74 
  6 12  9 14 11                           	 80.241 
  6 12  9 14 11  4                        	 55.469 
  6 12  9 14 11  4  8                     	 31.656 
  6 12  9 14 11  4  8  5                  	 10.473 
  6 12  9 14 11  4  8  5  1               	 3.2193 
  6 12  9 14 11  4  8  5  1  2            	 1.5737 
  6 12  9 14 11  4  8  5  1  2 10         	 0.88108 
  6 12  9 14 11  4  8  5  1  2 10 13      	 0.32062 
  6 12  9 14 11  4  8  5  1  2 10 13  7   	 0.0025489 
  6 12  9 14 11  4  8  5  1  2 10 13  7  3	 1.0798e-18 

Stepwise Deletion:
 Model                                    	GCV Score
  6 12  9 14 11  4  8  5  1  2 10 13  7   	 0.0025489 
  6 12  9 14 11  4  8  5  1  2 10 13      	 0.32062 
  6 12  9 14 11  4  8  5  1  2 10         	 0.88108 
  6 12  9 14 11  4  8  5  1  2            	 1.5737 
  6 12  9 14 11  4  8  5  1               	 3.2193 
  6 12  9 14 11  4  8  5                  	 10.473 
  6 12  9 14 11  4  8                     	 31.656 
  6 12  9 14 11  4                        	 55.469 
  6 12  9 14 11                           	 80.241 
  6 12  9 14                              	 141.74 
  6 12  9                                 	 342.08 
  6 12                                    	 922.83 
  6                                       	 1812.3 

Final Model: 6 12 9 14 11 4 8 5 1 2 10 13 7 3


####### Output = V18 #######

#### surface = reg ####

Estimated Model Summary: 
Model: V18 = f(V8, V14, V11, V16, V13, V6, V10, V7, V3, V4, V12, V15, V9, V5)
Rsq = 1
dfmod = 15

Input	Rsq 	src 	pcc^2 	95% pcc^2 CI	p-val
V8	0.819 	0.922 	0.549 	(0.536, 0.562)	0.000 	
V14	0.908 	0.292 	0.026 	(0.020, 0.032)	0.000 	
V11	0.966 	0.240 	0.016 	(0.011, 0.021)	0.000 	
V16	0.986 	-0.142 	0.007 	(0.004, 0.011)	0.000 	
V13	0.992 	-0.078 	0.002 	(0.001, 0.004)	0.000 	
V6	0.994 	0.049 	0.000 	(0.000, 0.002)	0.000 	
V10	0.997 	0.050 	0.001 	(0.000, 0.002)	0.000 	
V7	0.999 	-0.046 	0.001 	(0.000, 0.003)	0.000 	
V3	1.000 	-0.027 	0.000 	(0.000, 0.001)	0.000 	
V4	1.000 	-0.013 	0.000 	(0.000, 0.001)	0.000 	
V12	1.000 	-0.008 	0.000 	(0.000, 0.000)	0.000 	
V15	1.000 	0.007 	0.000 	(0.000, 0.000)	0.000 	
V9	1.000 	0.006 	0.000 	(0.000, 0.001)	0.000 	
V5	1.000 	0.001 	0.000 	(0.000, 0.001)	0.000 	

