

############################################### 
           Output = V18 
###############################################

###### Fitting Model #####

surface = reg 
Stepwise Addition:
 Model                                    	GCV Score
  6                                       	 3016 
  6 12                                    	 1601.4 
  6 12 14                                 	 956.34 
  6 12 14  9                              	 416.96 
  6 12 14  9  5                           	 313.79 
  6 12 14  9  5  1                        	 220.6 
  6 12 14  9  5  1  3                     	 135.03 
  6 12 14  9  5  1  3  2                  	 63.659 
  6 12 14  9  5  1  3  2 10               	 40.694 
  6 12 14  9  5  1  3  2 10  7            	 20.781 
  6 12 14  9  5  1  3  2 10  7  4         	 10.703 
  6 12 14  9  5  1  3  2 10  7  4  8      	 2.504 
  6 12 14  9  5  1  3  2 10  7  4  8 11   	 0.083439 
  6 12 14  9  5  1  3  2 10  7  4  8 11 13	 1.6319e-17 

Stepwise Deletion:
 Model                                    	GCV Score
  6 12 14  9  5  1  3  2 10  7  4  8 11   	 0.083439 
  6 12 14  9  5  1  3  2 10  7  4  8      	 2.504 
  6 12 14  9  5  1  3  2 10  7  4         	 10.703 
  6 12 14  9  5  1  3  2 10  7            	 20.781 
  6 12 14  9  5  1  3  2 10               	 40.694 
  6 12 14  9  5  1  3  2                  	 63.659 
  6 12 14  9  5  1  3                     	 135.03 
  6 12 14  9  5  1                        	 220.6 
  6 12 14  9  5                           	 313.79 
  6 12 14  9                              	 416.96 
  6 12 14                                 	 956.34 
  6 12                                    	 1601.4 
  6                                       	 3016 

Final Model: 6 12 14 9 5 1 3 2 10 7 4 8 11 13


####### Output = V18 #######

#### surface = reg ####

Estimated Model Summary: 
Model: V18 = f(V8, V14, V16, V11, V7, V3, V5, V4, V12, V9, V6, V10, V13, V15)
Rsq = 1
dfmod = 15

Input	Rsq 	src 	pcc^2 	95% pcc^2 CI	p-val
V8	0.699 	0.834 	0.371 	(0.356, 0.386)	0.000 	
V14	0.840 	0.373 	0.037 	(0.030, 0.044)	0.000 	
V16	0.904 	-0.253 	0.020 	(0.015, 0.025)	0.000 	
V11	0.958 	0.234 	0.011 	(0.008, 0.016)	0.000 	
V7	0.969 	-0.100 	0.002 	(0.001, 0.004)	0.000 	
V3	0.978 	-0.096 	0.002 	(0.001, 0.005)	0.000 	
V5	0.986 	0.093 	0.003 	(0.001, 0.006)	0.000 	
V4	0.994 	-0.084 	0.002 	(0.001, 0.004)	0.000 	
V12	0.996 	-0.049 	0.001 	(0.000, 0.002)	0.000 	
V9	0.998 	-0.045 	0.001 	(0.000, 0.002)	0.000 	
V6	0.999 	-0.031 	0.000 	(0.000, 0.001)	0.000 	
V10	1.000 	0.029 	0.000 	(0.000, 0.001)	0.000 	
V13	1.000 	0.016 	0.000 	(0.000, 0.001)	0.000 	
V15	1.000 	0.003 	0.000 	(0.000, 0.000)	0.000 	

