

############################################### 
           Output = V18 
###############################################

###### Fitting Model #####

surface = reg 
Stepwise Addition:
 Model                                    	GCV Score
  6                                       	 1563.2 
  6  7                                    	 973.29 
  6  7 14                                 	 490.04 
  6  7 14 12                              	 287.22 
  6  7 14 12  9                           	 104.76 
  6  7 14 12  9  5                        	 72.108 
  6  7 14 12  9  5  3                     	 45.21 
  6  7 14 12  9  5  3  1                  	 26.326 
  6  7 14 12  9  5  3  1 10               	 13.531 
  6  7 14 12  9  5  3  1 10  2            	 2.4145 
  6  7 14 12  9  5  3  1 10  2 11         	 1.0246 
  6  7 14 12  9  5  3  1 10  2 11 13      	 0.29001 
  6  7 14 12  9  5  3  1 10  2 11 13  4   	 0.0038465 
  6  7 14 12  9  5  3  1 10  2 11 13  4  8	 1.1171e-18 

Stepwise Deletion:
 Model                                    	GCV Score
  6  7 14 12  9  5  3  1 10  2 11 13  4   	 0.0038465 
  6  7 14 12  9  5  3  1 10  2 11 13      	 0.29001 
  6  7 14 12  9  5  3  1 10  2 11         	 1.0246 
  6  7 14 12  9  5  3  1 10  2            	 2.4145 
  6  7 14 12  9  5  3  1 10               	 13.531 
  6  7 14 12  9  5  3  1                  	 26.326 
  6  7 14 12  9  5  3                     	 45.21 
  6  7 14 12  9  5                        	 72.108 
  6  7 14 12  9                           	 104.76 
  6  7 14 12                              	 287.22 
  6  7 14                                 	 490.04 
  6  7                                    	 973.29 
  6                                       	 1563.2 

Final Model: 6 7 14 12 9 5 3 1 10 2 11 13 4 8


####### Output = V18 #######

#### surface = reg ####

Estimated Model Summary: 
Model: V18 = f(V8, V9, V16, V14, V11, V7, V5, V3, V12, V4, V13, V15, V6, V10)
Rsq = 1
dfmod = 15

Input	Rsq 	src 	pcc^2 	95% pcc^2 CI	p-val
V8	0.844 	0.926 	0.579 	(0.566, 0.591)	0.000 	
V9	0.903 	-0.239 	0.016 	(0.011, 0.021)	0.000 	
V16	0.951 	-0.223 	0.015 	(0.011, 0.021)	0.000 	
V14	0.971 	0.142 	0.005 	(0.003, 0.008)	0.000 	
V11	0.990 	0.134 	0.005 	(0.003, 0.008)	0.000 	
V7	0.993 	-0.058 	0.000 	(0.000, 0.001)	0.000 	
V5	0.996 	0.052 	0.001 	(0.000, 0.003)	0.000 	
V3	0.997 	-0.043 	0.001 	(0.000, 0.002)	0.000 	
V12	0.999 	-0.036 	0.000 	(0.000, 0.002)	0.000 	
V4	1.000 	-0.033 	0.000 	(0.000, 0.002)	0.000 	
V13	1.000 	-0.012 	0.000 	(0.000, 0.001)	0.000 	
V15	1.000 	0.009 	0.000 	(0.000, 0.000)	0.000 	
V6	1.000 	0.005 	0.000 	(0.000, 0.001)	0.000 	
V10	1.000 	-0.001 	0.001 	(0.000, 0.002)	0.000 	

