

############################################### 
           Output = V18 
###############################################

###### Fitting Model #####

surface = reg 
Stepwise Addition:
 Model                                    	GCV Score
  6                                       	 3271.6 
  6 12                                    	 1692 
  6 12 14                                 	 955.69 
  6 12 14  1                              	 590.84 
  6 12 14  1  9                           	 318.32 
  6 12 14  1  9  2                        	 116.31 
  6 12 14  1  9  2  5                     	 55.411 
  6 12 14  1  9  2  5  7                  	 29.3 
  6 12 14  1  9  2  5  7  4               	 5.6325 
  6 12 14  1  9  2  5  7  4  8            	 2.7697 
  6 12 14  1  9  2  5  7  4  8 10         	 0.86805 
  6 12 14  1  9  2  5  7  4  8 10 11      	 0.40238 
  6 12 14  1  9  2  5  7  4  8 10 11 13   	 5.841e-05 
  6 12 14  1  9  2  5  7  4  8 10 11 13  3	 1.1285e-18 

Stepwise Deletion:
 Model                                    	GCV Score
  6 12 14  1  9  2  5  7  4  8 10 11 13   	 5.841e-05 
  6 12 14  1  9  2  5  7  4  8 10 11      	 0.40238 
  6 12 14  1  9  2  5  7  4  8 10         	 0.86805 
  6 12 14  1  9  2  5  7  4  8            	 2.7697 
  6 12 14  1  9  2  5  7  4               	 5.6325 
  6 12 14  1  9  2  5  7                  	 29.3 
  6 12 14  1  9  2  5                     	 55.411 
  6 12 14  1  9  2                        	 116.31 
  6 12 14  1  9                           	 318.32 
  6 12 14  1                              	 590.84 
  6 12 14                                 	 955.69 
  6 12                                    	 1692 
  6                                       	 3271.6 

Final Model: 6 12 14 1 9 2 5 7 4 8 10 11 13 3


####### Output = V18 #######

#### surface = reg ####

Estimated Model Summary: 
Model: V18 = f(V8, V14, V16, V3, V11, V4, V7, V9, V6, V10, V12, V13, V15, V5)
Rsq = 1
dfmod = 15

Input	Rsq 	src 	pcc^2 	95% pcc^2 CI	p-val
V8	0.673 	0.822 	0.336 	(0.321, 0.351)	0.000 	
V14	0.831 	0.400 	0.044 	(0.036, 0.052)	0.000 	
V16	0.904 	-0.273 	0.023 	(0.018, 0.029)	0.000 	
V3	0.941 	-0.190 	0.008 	(0.005, 0.011)	0.000 	
V11	0.968 	0.165 	0.008 	(0.005, 0.012)	0.000 	
V4	0.988 	-0.143 	0.006 	(0.003, 0.010)	0.000 	
V7	0.994 	-0.078 	0.001 	(0.000, 0.003)	0.000 	
V9	0.997 	-0.051 	0.000 	(0.000, 0.002)	0.000 	
V6	0.999 	0.049 	0.000 	(0.000, 0.002)	0.000 	
V10	1.000 	-0.017 	0.000 	(0.000, 0.001)	0.000 	
V12	1.000 	-0.014 	0.000 	(0.000, 0.001)	0.000 	
V13	1.000 	-0.007 	0.000 	(0.000, 0.001)	0.000 	
V15	1.000 	0.006 	0.000 	(0.000, 0.001)	0.000 	
V5	1.000 	0.000 	0.000 	(0.000, 0.001)	0.000 	

