

############################################### 
           Output = V18 
###############################################

###### Fitting Model #####

surface = reg 
Stepwise Addition:
 Model                                    	GCV Score
  6                                       	 2287 
  6 12                                    	 1099.1 
  6 12  9                                 	 658.44 
  6 12  9 14                              	 323.37 
  6 12  9 14  2                           	 64.587 
  6 12  9 14  2  4                        	 37.116 
  6 12  9 14  2  4 11                     	 24.892 
  6 12  9 14  2  4 11  5                  	 14.242 
  6 12  9 14  2  4 11  5  7               	 8.5139 
  6 12  9 14  2  4 11  5  7  1            	 3.1165 
  6 12  9 14  2  4 11  5  7  1  8         	 0.48233 
  6 12  9 14  2  4 11  5  7  1  8 10      	 0.112 
  6 12  9 14  2  4 11  5  7  1  8 10 13   	 0.00092258 
  6 12  9 14  2  4 11  5  7  1  8 10 13  3	 1.7416e-18 

Stepwise Deletion:
 Model                                    	GCV Score
  6 12  9 14  2  4 11  5  7  1  8 10 13   	 0.00092258 
  6 12  9 14  2  4 11  5  7  1  8 10      	 0.112 
  6 12  9 14  2  4 11  5  7  1  8         	 0.48233 
  6 12  9 14  2  4 11  5  7  1            	 3.1165 
  6 12  9 14  2  4 11  5  7               	 8.5139 
  6 12  9 14  2  4 11  5                  	 14.242 
  6 12  9 14  2  4 11                     	 24.892 
  6 12  9 14  2  4                        	 37.116 
  6 12  9 14  2                           	 64.587 
  6 12  9 14                              	 323.37 
  6 12  9                                 	 658.44 
  6 12                                    	 1099.1 
  6                                       	 2287 

Final Model: 6 12 9 14 2 4 11 5 7 1 8 10 13 3


####### Output = V18 #######

#### surface = reg ####

Estimated Model Summary: 
Model: V18 = f(V8, V14, V11, V16, V4, V6, V13, V7, V9, V3, V10, V12, V15, V5)
Rsq = 1
dfmod = 15

Input	Rsq 	src 	pcc^2 	95% pcc^2 CI	p-val
V8	0.771 	0.875 	0.460 	(0.446, 0.474)	0.000 	
V14	0.890 	0.344 	0.034 	(0.027, 0.041)	0.000 	
V11	0.934 	0.208 	0.012 	(0.008, 0.016)	0.000 	
V16	0.968 	-0.182 	0.007 	(0.004, 0.010)	0.000 	
V4	0.994 	-0.162 	0.005 	(0.003, 0.008)	0.000 	
V6	0.996 	0.054 	0.001 	(0.000, 0.003)	0.000 	
V13	0.998 	-0.036 	0.000 	(0.000, 0.001)	0.000 	
V7	0.999 	-0.032 	0.000 	(0.000, 0.001)	0.000 	
V9	0.999 	-0.024 	0.000 	(0.000, 0.001)	0.000 	
V3	1.000 	-0.023 	0.000 	(0.000, 0.000)	0.000 	
V10	1.000 	-0.016 	0.000 	(0.000, 0.000)	0.000 	
V12	1.000 	-0.006 	0.000 	(0.000, 0.001)	0.000 	
V15	1.000 	0.003 	0.000 	(0.000, 0.000)	0.000 	
V5	1.000 	0.000 	0.000 	(0.000, 0.000)	0.000 	

